Epoch, TOF_1, TOF_2, TOF_3, Accel, Yaw, Pitch, Roll, LDR 
2313941644,24,37,81,235,90,90,90,795
2313941645,22,28,84,237,90,90,90,649
2313941652,22,32,82,234,90,90,90,805
2313941653,24,50,82,230,90,90,90,675
2313941664,23,38,79,236,90,90,90,763
2313941665,24,26,72,234,90,90,90,743
2313941664,24,28,71,233,90,90,90,611
2313941665,24,31,82,240,90,90,90,769
2313941664,24,34,82,236,90,90,90,790
2313941665,24,35,83,238,90,90,90,765
2313941664,24,37,83,234,90,90,90,707
2313941665,24,39,84,234,90,90,90,665
2313941672,23,30,83,239,90,90,90,769
2313941673,25,38,79,236,90,90,90,780
2313941664,24,27,73,234,90,90,90,775
2313941665,23,25,81,236,90,90,90,782
2313941664,43,106,84,234,90,90,90,691
2313941665,44,101,76,232,90,90,90,767
2313941664,46,101,80,233,90,90,90,777
2313941665,43,103,81,234,90,90,90,773
2313941664,46,103,84,239,90,90,90,695
2313941665,44,102,78,234,90,90,90,771
2313941672,45,103,77,233,90,90,90,832
2313941673,43,103,83,235,90,90,90,763
2313941744,46,99,80,240,90,90,90,726
2313941745,48,101,81,233,90,90,90,617
2313941744,45,101,81,232,90,90,90,749
2313941745,48,100,87,233,90,90,90,690
2313941744,46,102,81,235,90,90,90,769
2313941745,47,101,77,232,90,90,90,752
2313941744,22,26,74,234,90,90,90,658
2313941745,23,27,71,237,90,90,90,750
2313941752,23,26,74,235,90,90,90,728
2313941753,23,26,68,232,90,90,90,740
2313941744,22,27,77,234,90,90,90,728
2313941745,23,29,83,233,90,90,90,725
2313941744,25,36,81,236,90,90,90,737
2313941745,25,32,80,233,90,90,90,648
2313941744,23,30,79,236,90,90,90,711
2313941745,23,28,82,234,93,72,89,672
2313941744,22,26,83,234,93,82,90,745
2313941745,22,26,79,230,93,88,90,721
2313941752,24,38,79,227,93,90,90,726
2313941753,23,27,79,231,93,92,90,767
2313941764,28,63,84,233,93,92,90,605
2313941765,28,73,80,235,93,92,90,752
2313941764,28,42,80,234,93,92,90,657
2313941765,25,34,83,237,93,92,90,767
2313941764,29,59,82,233,93,91,90,731
2313941765,27,72,83,234,93,91,90,701
2313941764,26,38,82,235,93,90,90,731
2313941765,51,99,81,231,93,89,90,682
2313941772,43,102,75,234,93,89,90,722
2313941773,47,100,81,235,93,89,90,685
2313941764,29,94,82,235,93,89,90,653
2313941765,24,30,81,232,93,89,89,752
2313941764,49,103,79,234,93,88,90,684
2313941765,42,102,84,238,93,88,90,724
2313941764,46,103,80,232,93,88,90,714
2313941765,45,100,81,237,93,88,90,745
2313941764,45,103,80,234,93,88,90,725
2313941765,44,101,82,235,93,88,90,624
2313941772,43,102,82,232,93,88,90,626
2313941773,44,102,78,233,93,89,90,716
2313941784,47,99,80,236,93,89,90,749
2313941785,42,101,81,235,93,89,90,733
2313941784,43,104,85,234,93,89,90,687
2313941785,43,102,87,232,93,89,90,649
2313941784,45,103,83,233,93,88,90,749
2313941785,45,104,82,235,93,88,90,701
2313941784,46,100,77,234,93,88,90,702
2313941785,49,101,79,233,93,89,89,646
2313941792,44,102,79,234,93,88,90,723
2313941793,44,100,83,237,93,89,90,710
2313941784,41,103,79,236,93,88,90,721
2313941785,46,101,80,237,93,88,90,755
2313941784,43,102,83,237,93,88,90,646
2313941785,48,102,81,234,93,89,90,735
2313941784,47,99,78,232,93,89,90,655
2313941785,46,102,83,235,93,89,90,737
2313941784,44,99,76,234,93,88,90,721
2313941785,48,102,80,233,93,88,90,608
2313941792,45,102,82,238,93,89,90,730
2313941793,48,102,83,236,93,89,90,742
2313941744,48,102,82,235,93,89,90,742
2313941745,46,102,86,234,93,89,90,719
2313941744,48,99,82,233,93,89,90,712
2313941745,42,100,85,233,93,88,90,715
2313941744,49,101,84,235,93,89,90,655
2313941745,45,105,84,237,93,89,90,745
2313941744,45,102,82,234,93,89,89,646
2313941745,47,102,79,240,93,89,90,717
2313941752,45,101,80,232,93,88,90,707
2313941753,44,100,85,234,93,88,90,752
2313941744,43,101,81,235,93,88,90,737
2313941745,44,99,85,238,93,88,90,579
2313941744,47,102,84,235,93,88,90,733
2313941745,45,100,83,236,93,88,90,741
2313941744,43,102,80,230,93,88,90,653
2313941745,43,101,83,234,93,88,90,658
2313941744,49,102,82,235,93,88,90,694
2313941745,43,100,81,234,93,88,90,720
2313941752,48,99,81,237,93,89,90,697
2313941753,46,104,83,235,93,89,90,747
2313941764,40,102,78,231,93,88,90,671
2313941765,39,97,85,233,93,89,90,666
2313941764,41,95,81,236,93,88,90,725
2313941765,39,101,76,234,93,89,90,720
2313941764,44,103,84,235,93,88,90,735
2313941765,44,103,86,234,93,88,90,737
2313941764,47,102,80,229,93,88,90,759
2313941765,44,100,85,237,93,88,90,724
2313941772,42,105,79,233,93,88,90,643
2313941773,46,100,83,234,93,89,90,654
2313941764,43,100,80,231,93,88,90,732
2313941765,46,101,80,232,93,88,89,659
2313941764,47,101,82,233,93,88,90,759
2313941765,45,103,80,235,93,89,90,656
2313941764,45,101,81,232,93,89,90,637
2313941765,47,102,83,238,93,89,90,735
2313941764,45,102,79,236,93,88,90,750
2313941765,43,104,82,238,93,88,90,718
2313941772,49,102,81,231,93,88,90,571
2313941773,43,100,80,235,93,88,90,691
2313941784,45,100,79,235,93,88,90,752
2313941785,43,101,80,236,93,88,90,720
2313941784,46,98,83,237,93,88,90,733
2313941785,43,102,84,232,93,88,90,573
2313941784,42,99,82,236,93,88,90,709
2313941785,47,101,81,232,93,89,90,726
2313941784,45,102,82,230,93,88,90,720
2313941785,42,101,80,232,93,89,90,752
2313941792,43,98,84,235,93,89,90,482
2313941793,43,101,84,237,93,89,90,698
2313941784,49,101,82,235,93,89,90,711
2313941785,41,101,79,235,93,89,90,731
2313941784,48,104,81,235,93,89,90,752
2313941785,44,99,76,235,93,89,90,668
2313941784,49,102,81,234,93,89,90,733
2313941785,47,102,84,235,93,89,90,675
2313941784,45,101,82,234,93,89,90,784
2313941785,45,100,84,233,93,88,90,697
2313941792,44,101,79,232,93,88,90,669
2313941793,46,102,79,237,93,88,90,720
2313941864,46,103,80,235,93,88,90,720
2313941865,48,101,83,237,93,88,90,738
2313941864,43,102,80,233,93,88,90,582
2313941865,41,102,81,232,93,88,90,669
2313941864,46,101,81,237,93,89,90,731
2313941865,46,104,84,234,93,89,90,717
2313941864,45,102,80,233,93,88,90,720
2313941865,46,103,81,237,93,88,90,752
2313941872,46,102,82,234,93,88,90,653
2313941873,40,102,81,233,93,89,90,734
2313941864,44,103,86,235,93,89,90,719
2313941865,46,103,83,236,93,89,90,666
2313941864,46,102,84,235,93,89,90,674
2313941865,30,103,80,233,93,89,90,642
2313941864,45,99,80,236,93,89,90,740
2313941865,45,100,79,238,93,88,90,735
2313941864,31,99,77,235,93,88,90,648
2313941865,44,102,82,232,93,88,90,722
2313941872,45,103,81,233,93,88,90,667
2313941873,46,104,81,234,93,89,90,693
2313941884,46,101,83,235,93,89,90,747
2313941885,46,103,84,228,93,88,90,783
2313941884,43,101,82,235,93,88,90,681
2313941885,47,101,78,234,93,88,90,656
2313941884,45,98,80,236,93,89,90,707
2313941885,46,102,77,232,93,88,90,697
2313941884,40,100,81,238,93,88,90,659
2313941885,46,104,79,230,93,88,90,747
2313941892,45,102,84,233,93,89,90,656
2313941893,45,103,81,234,93,88,90,688
2313941884,45,100,81,231,93,88,90,649
2313941885,45,102,80,237,93,88,90,709
2313941884,47,101,83,236,93,88,90,778
2313941885,43,100,79,233,93,88,90,683
2313941884,43,101,82,233,93,88,90,720
2313941885,45,100,79,236,93,89,90,736
2313941884,47,103,80,233,93,89,90,720
2313941885,46,103,80,233,93,89,90,672
2313941892,43,104,79,234,93,88,89,679
2313941893,43,103,81,238,93,89,90,547
2313941904,46,103,80,236,93,89,90,735
2313941905,45,103,82,241,93,89,90,738
2313941904,44,102,85,231,93,89,90,726
2313941905,48,104,82,241,93,89,90,586
2313941904,45,101,84,234,93,88,90,656
2313941905,43,100,81,234,93,88,90,727
2313941904,46,105,84,233,93,88,90,642
2313941905,45,100,85,235,93,88,90,765
2313941912,42,101,84,234,93,89,90,662
2313941913,41,101,81,236,93,89,90,689
2313941904,44,100,78,235,93,89,90,671
2313941905,45,103,82,237,93,89,90,706
2313941904,48,103,84,235,93,88,90,738
2313941905,44,101,82,232,93,88,90,511
2313941904,47,100,85,233,93,89,90,705
2313941905,44,101,81,237,93,89,90,725
2313941904,44,103,82,231,93,89,90,726
2313941905,46,100,79,235,93,89,90,761
2313941912,45,99,85,234,93,89,90,590
2313941913,46,103,78,240,93,89,90,710
2313941864,41,102,85,229,93,89,90,739
2313941865,47,103,80,237,93,88,90,753
2313941865,46,101,81,234,93,88,90,737
2313941864,43,100,82,234,93,89,90,590
2313941865,42,103,81,234,93,88,90,752
2313941864,43,99,79,236,93,88,90,755
2313941865,47,101,77,234,93,88,90,752
2313941864,44,102,79,236,93,88,90,665
2313941865,44,100,86,233,93,88,90,624
2313941872,48,101,83,234,93,89,90,729
2313941873,72,103,82,234,93,88,90,679
2313941864,42,101,82,238,93,88,90,737
2313941865,44,102,83,233,93,88,89,667
2313941864,46,103,83,234,93,88,89,560
2313941865,44,103,83,235,93,88,90,757
2313941864,43,100,82,236,93,88,90,720
2313941865,47,102,80,241,93,88,90,739
2313941864,44,100,81,241,93,88,90,719
2313941865,48,104,80,234,93,88,90,624
2313941872,40,99,83,234,93,88,90,737
2313941873,44,103,82,233,93,88,90,672
2313941884,43,101,78,235,93,88,90,649
2313941885,49,102,80,237,93,89,90,772
2313941884,42,102,81,234,93,88,89,654
2313941885,43,101,79,235,93,88,90,738
2313941884,25,70,79,237,93,89,90,748
2313941885,28,97,80,231,93,89,90,656
2313941884,27,73,79,235,93,89,90,658
2313941885,25,64,78,233,93,89,90,647
2313941892,24,34,80,237,93,89,90,743
2313941893,25,36,79,234,93,89,90,656
2313941884,25,48,85,234,93,89,90,740
2313941885,28,103,78,234,93,89,90,704
2313941884,26,91,80,230,93,88,90,646
2313941885,31,102,82,232,93,88,90,735
2313941884,30,102,82,231,93,88,90,653
2313941885,31,103,84,236,93,88,90,727
2313941884,29,103,82,231,93,88,90,651
2313941885,24,59,87,235,93,88,90,660
2313941892,28,102,80,239,93,88,90,749
2313941893,26,95,77,237,93,88,90,659
2313941904,31,103,81,232,93,88,90,753
2313941905,24,65,83,237,93,88,90,752
2313941904,30,102,84,234,93,88,90,662
2313941905,29,103,83,236,93,88,90,663
2313941904,29,100,81,236,93,88,90,675
2313941905,30,99,85,235,93,88,90,750
2313941904,31,96,80,233,93,88,90,670
2313941905,24,50,83,237,93,88,90,638
2313941912,26,81,80,232,93,88,90,662
2313941913,29,100,77,233,93,88,90,732
2313941904,26,82,85,234,93,88,90,747
2313941905,28,102,84,235,93,88,90,758
2313941904,23,34,79,238,93,88,90,668
2313941905,27,99,84,234,93,88,90,589
2313941904,51,101,84,236,93,89,90,739
2313941905,46,103,84,233,99,72,100,761
2313941904,48,100,78,236,98,81,94,709
2313941905,48,100,76,233,98,88,91,645
2313941912,49,103,82,237,98,91,89,656
2313941913,48,102,78,233,98,92,88,739
2313941984,45,104,80,233,98,92,88,621
2313941985,41,104,82,234,98,92,88,782
2313941984,42,102,78,235,98,92,88,706
2313941985,44,100,82,233,98,92,88,720
2313941984,45,102,82,232,98,91,88,734
2313941985,47,100,83,240,98,91,88,744
2313941984,46,98,80,237,98,90,89,752
2313941985,47,102,84,215,98,92,92,592
2313941992,47,93,75,234,98,91,91,661
2313941993,48,87,67,233,98,91,91,656
2313941984,44,85,65,234,98,90,90,613
2313941985,21,22,66,235,98,90,90,673
2313941984,22,23,61,234,98,89,90,560
2313941985,20,22,65,236,98,89,90,635
2313941984,23,27,65,235,98,88,90,685
2313941985,23,30,67,234,98,88,90,688
2313941984,40,95,67,236,98,89,89,667
2313941985,41,91,64,233,98,89,90,567
2313941992,21,24,61,231,98,89,90,683
2313941993,41,92,66,232,98,88,90,666
2313942004,43,83,65,234,98,88,89,615
2313942005,39,84,71,233,98,88,89,607
2313942004,41,80,69,239,98,88,90,622
2313942005,42,80,61,237,98,89,90,657
2313942004,42,88,64,234,98,89,90,647
2313942005,46,94,67,234,98,88,90,669
2313942004,43,83,65,234,98,89,90,624
2313942005,42,82,62,234,98,89,90,554
2313942012,41,86,65,239,98,89,90,660
2313942013,45,93,61,234,98,88,90,679
2313942004,41,97,61,234,98,88,90,653
2313942005,41,96,67,234,98,88,90,659
2313942004,43,95,64,234,98,88,90,582
2313942005,45,95,62,234,98,88,90,643
2313942004,21,24,59,234,98,88,90,675
2313942005,46,101,58,230,99,88,90,600
2313942004,27,95,61,233,99,88,90,658
2313942005,25,30,64,232,99,88,89,594
2313942012,36,93,62,238,99,89,90,655
2313942013,28,32,62,234,99,88,90,672
2313942024,26,58,63,236,99,88,90,615
2313942025,29,45,63,237,99,89,90,629
2313942024,25,67,64,234,99,88,90,587
2313942025,26,83,64,235,99,88,90,655
2313942024,26,81,65,236,99,88,90,577
2313942025,32,89,66,235,105,73,100,649
2313942024,30,93,64,233,103,82,94,659
2313942025,25,85,62,235,103,87,91,592
2313942032,26,81,64,235,103,90,89,681
2313942033,26,74,65,235,103,91,88,599
2313942024,27,29,58,237,103,92,88,675
2313942025,25,90,64,236,103,91,88,635
2313942024,28,97,60,237,103,91,88,686
2313942025,46,98,62,235,103,90,88,631
2313942024,47,93,58,234,103,90,89,542
2313942025,31,95,63,234,103,90,89,662
2313942024,29,39,65,232,103,90,89,651
2313942025,31,38,59,235,103,90,89,666
2313942032,54,100,60,237,103,89,89,682
2313942033,48,93,64,234,103,89,90,688
2313941984,45,97,63,235,103,89,90,668
2313941985,46,95,66,235,103,89,90,670
2313941984,45,97,62,233,103,89,90,667
2313941985,44,98,61,232,103,88,89,624
2313941984,42,95,65,232,103,88,90,613
2313941985,42,96,70,231,103,88,90,658
2313941984,40,96,62,230,103,88,90,635
2313941985,44,96,63,241,104,88,90,693
2313941992,42,97,59,227,104,89,90,640
2313941993,40,95,66,236,104,88,90,675
2313941984,43,93,64,233,104,88,90,684
2313941985,39,93,58,231,104,88,90,609
2313941984,41,95,62,236,104,88,90,682
2313941985,42,97,57,235,104,89,90,706
2313941984,44,97,62,235,104,89,90,613
2313941985,42,92,63,233,107,88,90,671
2313941984,43,95,65,235,107,88,90,619
2313941985,46,97,62,234,107,88,90,599
2313941992,51,93,62,230,107,89,90,641
2313941993,46,91,63,236,107,89,90,660
2313942004,45,95,62,242,107,88,90,656
2313942005,47,94,60,234,107,88,90,560
2313942004,41,94,63,238,107,89,90,610
2313942005,43,96,64,234,107,89,90,653
2313942004,46,90,68,235,107,89,90,618
2313942005,46,93,62,238,107,88,90,661
2313942004,45,96,64,232,107,88,89,570
2313942005,44,100,65,236,108,88,90,678
2313942012,47,95,60,234,108,89,90,625
2313942013,43,95,67,236,108,88,90,634
2313942004,44,95,64,233,108,88,89,635
2313942005,46,97,59,232,108,88,90,442
2313942004,42,94,66,242,108,89,90,670
2313942005,48,95,61,230,108,89,90,654
2313942004,47,99,67,236,108,89,90,656
2313942005,46,97,64,232,108,89,90,632
2313942004,43,100,67,231,108,89,90,541
2313942005,43,97,65,236,108,89,90,679
2313942012,42,93,66,233,108,89,90,668
2313942013,46,96,63,236,108,89,90,661
2313942024,47,94,63,238,108,88,90,665
2313942025,44,93,67,234,108,88,90,552
2313942024,47,94,60,235,108,89,90,624
2313942025,49,99,61,236,108,89,90,663
2313942024,43,95,61,232,108,88,90,669
2313942025,44,92,65,243,108,88,90,647
2313942024,43,90,60,224,108,88,90,636
2313942025,47,92,67,235,108,88,90,654
2313942032,43,96,60,234,108,88,90,579
2313942033,45,94,62,235,108,88,90,649
2313942024,44,95,62,235,108,89,90,598
2313942025,41,97,61,236,108,89,90,550
2313942024,46,95,63,237,108,89,90,635
2313942025,47,94,68,237,108,88,90,624
2313942024,48,93,65,232,108,89,90,627
2313942025,44,95,65,235,108,89,90,669
2313942024,43,92,66,230,108,89,90,593
2313942025,43,90,67,229,108,89,90,623
2313942032,40,94,59,239,108,89,90,573
2313942033,47,95,59,238,108,89,90,589
2313943904,42,95,66,236,108,89,90,651
2313943905,42,95,64,234,108,89,90,591
2313943904,44,89,62,237,108,89,90,663
2313943905,47,93,56,237,108,89,90,644
2313943904,44,92,62,235,108,88,90,670
2313943905,41,98,61,235,108,88,90,641
2313943904,48,97,59,233,108,88,90,569
2313943905,43,98,66,232,108,88,90,656
2313943912,46,95,58,234,109,88,90,554
2313943913,42,94,62,236,109,89,90,641
2313943904,44,97,66,237,109,88,90,663
2313943905,44,97,64,238,109,88,89,666
2313943904,40,89,51,231,109,88,90,1371
2313943905,38,80,54,234,109,88,90,1381
2313943904,37,87,54,235,109,89,90,2135
2313943905,37,89,52,232,109,89,90,2077
2313943904,38,90,53,236,109,89,90,2159
2313943905,39,89,54,236,109,89,90,2149
2313943912,39,89,49,233,109,88,90,2190
2313941865,0,0,0,238,90,90,90,1989
2313941864,3,8,4,233,90,90,90,2075
2313941865,5,7,5,232,90,90,90,1983
2313941864,5,7,5,232,90,90,90,2027
